sol-nsea in ICES area 27.4: mean weight of landings
1         3
1957      2018
1         15
1
0.155	0.154	0.177	0.204	0.248	0.279	0.29	0.335	0.436	0.394	0.432	0.471	0.631	0.437	0.533
0.155	0.145	0.178	0.22	0.254	0.273	0.314	0.323	0.388	0.401	0.409	0.502	0.287	0.578	0.577
0.155	0.162	0.188	0.228	0.261	0.301	0.328	0.321	0.373	0.391	0.438	0.417	0.437	0.412	0.589
0.155	0.153	0.185	0.235	0.254	0.277	0.301	0.309	0.381	0.363	0.436	0.428	0.442	0.427	0.578
0.155	0.146	0.174	0.211	0.255	0.288	0.319	0.304	0.346	0.372	0.369	0.397	0.478	0.45	0.551
0.155	0.155	0.165	0.208	0.241	0.295	0.32	0.321	0.334	0.349	0.347	0.394	0.435	0.373	0.476
0.155	0.163	0.171	0.219	0.258	0.309	0.323	0.387	0.376	0.44	0.397	0.433	0.444	0.49	0.578
0.153	0.175	0.213	0.252	0.274	0.309	0.327	0.346	0.388	0.444	0.439	0.475	0.403	0.447	0.644
0.155	0.169	0.209	0.246	0.286	0.282	0.345	0.378	0.404	0.425	0.459	0.48	0.458	0.397	0.528
0.155	0.177	0.19	0.18	0.301	0.332	0.429	0.399	0.449	0.472	0.541	0.526	0.521	0.491	0.499
0.155	0.192	0.201	0.252	0.277	0.389	0.419	0.339	0.424	0.498	0.456	0.389	0.519	0.442	0.591
0.157	0.189	0.207	0.267	0.327	0.342	0.354	0.455	0.465	0.475	0.674	0.524	0.656	0.495	0.65
0.152	0.191	0.196	0.255	0.311	0.373	0.553	0.398	0.468	0.499	0.496	0.538	0.474	0.613	0.613
0.154	0.212	0.218	0.285	0.35	0.404	0.441	0.463	0.443	0.511	0.512	0.541	0.456	0.542	0.542
0.145	0.193	0.237	0.322	0.358	0.425	0.42	0.49	0.534	0.425	0.489	0.466	0.578	0.563	0.583
0.169	0.204	0.252	0.334	0.434	0.425	0.532	0.485	0.558	0.481	0.472	0.577	0.597	0.677	0.647
0.146	0.208	0.238	0.346	0.404	0.448	0.552	0.567	0.509	0.569	0.644	0.399	0.547	0.642	0.67
0.164	0.192	0.233	0.338	0.418	0.448	0.52	0.559	0.609	0.602	0.661	0.678	0.532	0.582	0.679
0.129	0.182	0.225	0.32	0.406	0.456	0.529	0.595	0.629	0.56	0.648	0.683	0.62	0.645	0.678
0.143	0.19	0.222	0.306	0.389	0.441	0.512	0.562	0.667	0.658	0.538	0.736	0.668	0.598	0.684
0.147	0.188	0.236	0.307	0.369	0.424	0.43	0.52	0.562	0.622	0.731	0.607	0.605	0.643	0.581
0.152	0.196	0.231	0.314	0.37	0.426	0.466	0.417	0.572	0.471	0.604	0.711	0.588	0.83	0.716
0.137	0.208	0.246	0.323	0.391	0.448	0.534	0.544	0.609	0.657	0.728	0.774	0.806	0.839	0.815
0.141	0.199	0.244	0.331	0.371	0.418	0.499	0.55	0.598	0.544	0.658	0.684	0.674	0.661	0.717
0.143	0.187	0.226	0.324	0.378	0.424	0.442	0.516	0.542	0.553	0.403	0.665	0.565	0.721	0.745
0.141	0.188	0.216	0.307	0.371	0.409	0.437	0.491	0.58	0.556	0.628	0.591	0.771	0.898	0.768
0.134	0.182	0.217	0.301	0.389	0.416	0.467	0.489	0.505	0.609	0.622	0.6	0.334	0.631	0.756
0.153	0.171	0.221	0.286	0.361	0.386	0.465	0.555	0.575	0.512	0.655	0.631	0.722	0.845	0.707
0.122	0.187	0.216	0.288	0.357	0.427	0.447	0.544	0.612	0.634	0.509	0.656	0.767	0.801	0.68
0.135	0.179	0.213	0.299	0.357	0.407	0.485	0.543	0.568	0.536	0.575	0.634	0.632	0.789	0.715
0.139	0.185	0.205	0.277	0.356	0.378	0.428	0.481	0.393	0.608	0.646	0.615	0.697	0.728	0.696
0.127	0.175	0.217	0.27	0.354	0.428	0.484	0.521	0.559	0.594	0.808	0.717	0.756	0.771	0.698
0.118	0.173	0.216	0.288	0.336	0.375	0.456	0.492	0.47	0.512	0.683	0.63	0.737	0.649	0.754
0.124	0.183	0.227	0.292	0.371	0.413	0.415	0.514	0.476	0.602	0.661	0.522	0.583	0.51	0.637
0.127	0.186	0.21	0.263	0.315	0.436	0.443	0.467	0.507	0.567	0.548	0.53	0.949	0.738	0.568
0.146	0.178	0.213	0.258	0.298	0.38	0.409	0.46	0.487	0.531	0.59	0.468	0.63	0.779	0.626
0.097	0.167	0.196	0.239	0.264	0.3	0.338	0.441	0.496	0.636	0.564	0.583	0.651	0.61	0.641
0.143	0.18	0.202	0.228	0.257	0.3	0.317	0.432	0.409	0.415	0.544	0.478	0.702	0.614	0.554
0.151	0.186	0.196	0.247	0.265	0.319	0.344	0.356	0.444	0.511	0.792	0.564	0.764	0.94	0.602
0.163	0.177	0.202	0.234	0.274	0.285	0.318	0.37	0.39	0.516	0.546	0.555	0.601	0.7	0.763
0.151	0.18	0.206	0.236	0.267	0.296	0.323	0.306	0.384	0.406	0.579	0.605	0.668	0.45	0.762
0.128	0.182	0.189	0.252	0.262	0.289	0.336	0.292	0.335	0.397	0.504	0.433	0.649	0.541	0.735
0.163	0.179	0.212	0.229	0.287	0.324	0.354	0.372	0.372	0.365	0.533	0.561	0.708	0.577	0.696
0.145	0.17	0.2	0.248	0.29	0.299	0.323	0.368	0.402	0.294	0.447	0.409	0.642	1.031	0.74
0.143	0.185	0.202	0.27	0.275	0.333	0.391	0.414	0.433	0.438	0.523	0.646	0.6	0.595	0.83
0.14	0.183	0.211	0.243	0.281	0.312	0.366	0.319	0.571	0.413	0.556	0.456	0.606	0.356	0.797
0.136	0.182	0.214	0.256	0.273	0.317	0.34	0.344	0.503	0.388	0.316	0.498	0.404	0.577	0.625
0.127	0.18	0.209	0.252	0.263	0.284	0.378	0.367	0.327	0.348	0.397	0.387	0.56	0.493	0.474
0.172	0.185	0.207	0.243	0.241	0.282	0.265	0.377	0.318	0.321	0.525	0.578	0.433	0.346	0.512
0.156	0.19	0.22	0.263	0.291	0.322	0.293	0.358	0.397	0.464	0.251	0.45	0.637	0.814	0.359
0.154	0.18	0.205	0.237	0.253	0.273	0.295	0.299	0.281	0.351	0.41	0.23	0.457	0.254	0.282
0.15	0.181	0.223	0.24	0.265	0.324	0.314	0.297	0.307	0.307	0.47	0.483	0.695	0.557	0.49
0.138	0.185	0.202	0.256	0.275	0.278	0.325	0.334	0.303	0.358	0.453	0.446	0.509	0.342	0.453
0.163	0.181	0.22	0.236	0.273	0.308	0.283	0.311	0.361	0.423	0.319	0.307	0.474	0.691	0.395
0.152	0.162	0.194	0.233	0.242	0.274	0.272	0.293	0.335	0.344	0.379	0.279	0.401	0.48	0.455
0.095	0.169	0.185	0.233	0.256	0.234	0.270	0.260	0.283	0.269	0.363	0.294	0.450	0.370	0.399
0.125	0.169	0.185	0.224	0.253	0.266	0.297	0.278	0.309	0.466	0.363	0.294	0.441	0.35	0.386
0.155	0.191	0.212	0.228	0.263	0.273	0.249	0.279	0.319	0.351	0.347	0.309	0.498	0.26	0.322
0.145	0.169	0.205	0.240	0.263	0.274	0.304	0.293	0.330	0.330	0.141	0.141	0.141	0.346	0.546
0.143 0.175 0.200 0.236 0.265 0.275 0.273 0.294 0.325 0.397 0.252 0.251 0.627 0.520 0.493
0.109	0.168	0.190	0.226	0.276	0.274	0.313	0.309	0.280	0.311	0.471	0.334	0.456	0.736	0.362
0.123 0.166 0.199 0.235 0.257 0.265 0.243 0.258 0.268 0.286 0.321 0.172 0.522 0.245 0.486