sol-nsea in ICES area 27.4: mean weight in stock (kilograms)
1         4
1957      2018
1         15
1
0.025     0.07      0.147     0.187     0.208     0.253     0.262     0.355     0.39      0.359     0.602     0.37      0.587     0.689     0.254
0.025     0.07      0.164     0.205     0.226     0.228     0.297     0.318     0.393     0.38      0.417     0.61      0.433     0.566     0.518
0.025     0.07      0.159     0.198     0.239     0.271     0.292     0.276     0.303     0.41      0.408     0.406     0.413     0.598     0.599
0.025     0.07      0.163     0.207     0.234     0.24      0.268     0.242     0.36      0.357     0.508     0.39      0.464     0.466     0.573
0.025     0.07      0.148     0.206     0.235     0.232     0.259     0.274     0.281     0.302     0.379     0.335     0.482     0.433     0.548
0.025     0.07      0.148     0.192     0.24      0.301     0.293     0.282     0.273     0.41      0.358     0.315     0.463     0.462     0.539
0.025     0.07      0.148     0.193     0.243     0.275     0.311     0.363     0.329     0.433     0.365     0.352     0.491     0.414     0.54
0.025     0.07      0.159     0.214     0.24      0.291     0.305     0.306     0.365     0.443     0.396     0.458     0.47      0.394     0.631
0.025     0.14      0.198     0.223     0.251     0.297     0.337     0.358     0.526     0.424     0.464     0.456     0.418     0.339     0.504
0.025     0.07      0.16      0.149     0.389     0.31      0.406     0.377     0.385     0.427     0.598     0.555     0.468     0.38      0.538
0.025     0.177     0.164     0.235     0.242     0.399     0.362     0.283     0.381     0.464     0.378     0.372     0.544     0.45      0.546
0.025     0.122     0.171     0.248     0.312     0.28      0.629     0.416     0.41      0.45      0.753     0.445     0.66      0.456     0.698
0.025     0.137     0.174     0.252     0.324     0.364     0.579     0.415     0.469     0.524     0.504     0.564     0.534     0.515     0.551
0.025     0.137     0.201     0.275     0.341     0.367     0.423     0.458     0.39      0.486     0.49      0.535     0.622     0.574     0.622
0.034     0.148     0.213     0.313     0.361     0.41      0.432     0.474     0.483     0.451     0.481     0.425     0.574     0.502     0.568
0.038     0.155     0.218     0.313     0.419     0.443     0.443     0.443     0.508     0.44      0.471     0.503     0.631     0.621     0.659
0.039     0.149     0.226     0.322     0.371     0.433     0.452     0.472     0.446     0.489     0.621     0.466     0.548     0.624     0.642
0.035     0.146     0.218     0.329     0.408     0.429     0.499     0.565     0.542     0.594     0.632     0.594     0.65      0.54      0.623
0.035     0.148     0.206     0.311     0.403     0.446     0.508     0.582     0.58      0.617     0.615     0.647     0.65      0.705     0.669
0.035     0.142     0.201     0.301     0.379     0.458     0.508     0.517     0.644     0.697     0.614     0.786     0.648     0.628     0.679
0.035     0.147     0.202     0.291     0.365     0.409     0.478     0.487     0.531     0.617     0.661     0.656     0.628     0.632     0.665
0.035     0.139     0.211     0.29      0.365     0.429     0.427     0.385     0.542     0.428     0.57      0.675     0.589     0.86      0.697
0.045     0.148     0.211     0.3       0.352     0.429     0.521     0.562     0.567     0.656     0.712     0.716     0.787     0.815     0.791
0.039     0.157     0.2       0.304     0.345     0.394     0.489     0.537     0.579     0.549     0.664     0.676     0.638     0.657     0.638
0.05      0.137     0.2       0.305     0.364     0.402     0.454     0.522     0.561     0.52      0.409     0.713     0.533     0.822     0.72
0.05      0.13      0.193     0.27      0.359     0.411     0.429     0.476     0.583     0.593     0.57      0.531     0.791     0.611     0.691
0.05      0.14      0.2       0.285     0.329     0.435     0.464     0.483     0.51      0.583     0.601     0.721     0.741     0.68      0.719
0.05      0.133     0.203     0.268     0.348     0.386     0.488     0.591     0.567     0.559     0.632     0.731     0.873     0.952     0.7
0.05      0.127     0.185     0.267     0.324     0.381     0.38      0.626     0.554     0.589     0.517     0.734     0.74      0.642     0.673
0.05      0.133     0.191     0.278     0.345     0.423     0.495     0.487     0.587     0.547     0.681     0.646     0.743     0.941     0.888
0.05      0.154     0.191     0.262     0.357     0.381     0.406     0.454     0.332     0.512     0.639     0.582     0.634     0.691     0.671
0.05      0.133     0.193     0.26      0.335     0.409     0.417     0.474     0.486     0.454     0.829     0.658     0.533     0.85      0.696
0.05      0.133     0.195     0.29      0.35      0.34      0.411     0.475     0.419     0.463     0.705     0.788     0.723     0.62      0.736
0.05      0.148     0.203     0.294     0.357     0.447     0.399     0.494     0.481     0.511     0.716     0.557     0.797     0.489     0.765
0.05      0.139     0.184     0.254     0.301     0.413     0.447     0.522     0.548     0.557     0.532     0.566     0.469     1.109     0.665
0.05      0.156     0.194     0.257     0.307     0.398     0.406     0.472     0.5       0.551     0.498     0.443     0.602     0.672     0.612
0.05      0.128     0.184     0.229     0.265     0.293     0.344     0.482     0.437     0.576     0.564     0.504     0.681     0.579     0.67
0.05      0.143     0.174     0.209     0.257     0.326     0.349     0.402     0.494     0.341     0.436     0.519     0.473     0.695     0.498
0.05      0.151     0.179     0.24      0.253     0.321     0.365     0.357     0.545     0.46      0.411     0.715     0.694     0.584     0.661
0.05      0.147     0.178     0.208     0.274     0.268     0.321     0.375     0.402     0.401     0.47      0.548     0.628     0.641     0.81
0.05      0.15      0.19      0.225     0.252     0.303     0.319     0.325     0.36      0.385     0.581     0.635     0.715     0.717     0.654
0.05      0.14      0.173     0.234     0.267     0.281     0.328     0.273     0.336     0.334     0.488     0.306     0.549     0.483     0.641
0.05      0.131     0.187     0.216     0.259     0.296     0.34      0.322     0.369     0.418     0.424     0.499     0.566     0.684     0.627
0.05      0.139     0.185     0.226     0.264     0.275     0.287     0.337     0.391     0.269     0.332     0.3       0.688     1.071     0.634
0.05      0.144     0.185     0.223     0.263     0.319     0.327     0.421     0.410     0.502     0.396     0.600     0.604     0.568     1.016
0.05      0.145     0.197     0.245     0.267     0.267     0.299     0.308     0.435     0.316     0.47      0.358     0.46      0.287     0.661
0.05      0.146     0.194     0.24      0.256     0.288     0.33      0.312     0.509     0.597     0.297     0.37      0.383     0.57      0.696
0.05      0.137     0.195     0.24      0.245     0.305     0.316     0.448     0.356     0.625     0.531     0.376     0.659     0.636     0.711
0.05      0.150     0.189     0.234     0.237     0.258     0.276     0.396     0.369     0.295     0.464     0.631     0.691     0.468     0.565
0.05      0.148     0.197     0.250     0.270     0.319     0.286     0.341     0.409     0.436     0.484     0.465     0.705     1.021     0.390
0.05      0.152     0.179     0.216     0.242     0.245     0.275     0.252     0.257     0.309     0.457     0.333     0.448     0.462     0.395
0.05      0.154     0.198     0.212     0.239     0.302     0.282     0.231     0.274     0.333     0.468     0.712     0.296     0.499     0.580
0.05      0.142     0.185     0.232     0.255     0.279     0.283     0.333     0.302     0.415     0.335     0.371     0.399     0.247     0.391
0.05      0.149     0.200     0.230     0.272     0.307     0.336     0.336     0.361     0.507     0.364     0.281     0.568     0.708     0.392
0.05      0.141     0.179     0.223     0.261     0.276     0.320     0.360     0.444     0.394     0.422     0.264     0.486     0.823     0.381
0.025 0.058	0.144 0.205	0.230	0.209	0.251 0.235	0.334	0.223	0.301 0.219	0.216	0.257	0.660
0.034 0.068	0.117 0.186	0.254	0.258	0.309 0.241	0.325	0.562	0.381 0.513	0.436	0.627 4.583
0.022	0.079	0.136 0.188	0.212	0.227	0.228 0.290	0.343	0.603	0.421 0.344	0.429	0.793 2.481
0.070	0.075	0.142 0.148	0.227	0.244	0.263 0.288	0.370	0.317	0.642 0.682	0.380	0.398 0.741
0.010	0.067	0.151 0.186	0.232	0.248	0.236 0.261	0.221	0.359	0.227 0.221	0.179	0.522 0.716
0.021	0.074	0.131 0.174	0.231	0.242 0.249 0.217	0.233 0.223 0.338 0.608	0.347 0.660 0.321
0.026	0.084 0.146	0.180	0.205	0.237	0.228	0.219	0.260	0.242	0.591	0.526	0.525	0.423	0.406